<?xml version="1.0"?>
<opencv_storage>
<calibration_Time>"Wed Dec 21 17:15:44 2016"</calibration_Time>
<nrOfFrames>25</nrOfFrames>
<image_Width>640</image_Width>
<image_Height>480</image_Height>
<board_Width>9</board_Width>
<board_Height>6</board_Height>
<square_Size>25.</square_Size>
<FixAspectRatio>1.</FixAspectRatio>
<!-- flags:  +fix_aspectRatio +fix_principal_point -->
<flagValue>6</flagValue>
<Camera_Matrix type_id="opencv-matrix">
  <rows>3</rows>
  <cols>3</cols>
  <dt>d</dt>
  <data>
    8.1718087220476332e+02 0. 3.1950000000000000e+02 0.
    8.1718087220476332e+02 2.3950000000000000e+02 0. 0. 1.</data></Camera_Matrix>
<Distortion_Coefficients type_id="opencv-matrix">
  <rows>5</rows>
  <cols>1</cols>
  <dt>d</dt>
  <data>
    4.2425203122781557e-02 -3.2392458760344101e-01
    -5.6779964455585339e-03 2.9418936490548460e-03
    5.1026356578312404e-01</data></Distortion_Coefficients>
<Avg_Reprojection_Error>3.0872799706220544e-01</Avg_Reprojection_Error>
<Per_View_Reprojection_Errors type_id="opencv-matrix">
  <rows>25</rows>
  <cols>1</cols>
  <dt>f</dt>
  <data>
    3.53823870e-01 2.67173886e-01 2.58156836e-01 2.05489680e-01
    1.64970830e-01 1.68910146e-01 2.30236590e-01 2.42302001e-01
    5.62400699e-01 3.61192048e-01 4.77264196e-01 2.51398742e-01
    2.06737503e-01 2.80304551e-01 3.75997990e-01 4.48561847e-01
    3.67650926e-01 4.28154349e-01 4.40113336e-01 2.59967685e-01
    1.51108697e-01 1.76415056e-01 1.65302470e-01 1.39523074e-01
    1.66646734e-01</data></Per_View_Reprojection_Errors>
<!-- a set of 6-tuples (rotation vector + translation vector) for each view -->
<Extrinsic_Parameters type_id="opencv-matrix">
  <rows>25</rows>
  <cols>6</cols>
  <dt>d</dt>
  <data>
    7.5630358690048818e-02 -6.4592904817168628e-01
    -3.0348103429093092e+00 1.1055454983706487e+02
    1.6690086715407108e+02 6.8053100641102651e+02
    -3.0335079226962484e-02 5.4991463216650149e-01
    3.0921767960107180e+00 1.0001356727798712e+02 1.7232254653068730e+02
    7.1509712698212820e+02 -5.6665489381200022e-02
    3.8272449199276315e-01 3.1064846437848193e+00 7.7147162395006291e+01
    1.0595940354170472e+02 7.5452994870094085e+02
    -1.6703973873999103e-01 3.1198194678614070e-02
    3.0588130354141034e+00 4.6684817023234537e+01 2.4243715378253089e+01
    8.0487457543677704e+02 -3.7331048417229512e-01
    -2.1998866593012506e-01 3.0796544235558292e+00
    -1.7432403768570599e+00 -7.3602727786715256e+00
    8.4353902683574665e+02 -7.6172546616284809e-01
    -9.4638447391073230e-02 3.0184586211587341e+00
    -7.0864169502217734e+01 -7.4027357000300151e+00
    8.7558840729398059e+02 -8.8428891506850948e-01
    -9.2125346086987595e-02 2.9404467174062079e+00
    -6.4940364923265051e+01 8.0678838105331025e+01
    7.4733825916123442e+02 7.4795118626069990e-01 6.2451444938228344e-02
    -2.9730757136363413e+00 9.3567265335524805e+00
    1.1841693410198600e+02 7.3317355431198871e+02
    -6.0993344287289308e-01 1.8081669898056865e-01
    3.0447053463004981e+00 6.8359795193248800e+00 1.1741739890882128e+02
    5.8125770602130615e+02 -5.5897235896669084e-01
    2.7643344597527636e-01 3.0572810101079817e+00 2.1470647030158162e+01
    1.2717652816996801e+02 5.0979317039292766e+02 2.4809794271210625e-01
    -5.5940525779581740e-01 -3.0012958153495117e+00
    8.3013971580724501e+01 1.3993793138033664e+02 5.1396166546341613e+02
    1.3057566432149112e-01 -4.2354316739513070e-01
    -3.0140054617520473e+00 1.3443144534227227e+02
    1.5710659929438631e+02 5.9987690459196335e+02
    -1.6981642937438760e-01 -5.0098348784267310e-01
    2.9761135560441008e+00 4.8062613627611235e+01
    -3.9608323107684861e+01 6.3592732880916822e+02
    -1.1364965570643032e-01 -5.3940517107549957e-01
    2.9868361684220681e+00 4.3351098039558735e+01
    -2.9310657949076173e+01 6.2625102190056282e+02
    -4.6755468079475414e-03 -5.6750310446381691e-01
    3.0302883689969531e+00 4.6229233465964626e+01
    -9.3694104565621714e+00 6.0748745151306343e+02
    6.9848303642613141e-01 -2.5421302641697929e-01
    3.0194002117286254e+00 1.8482411249362437e+02 6.6382467497758853e+01
    5.2125697777143250e+02 7.0990480479058482e-01
    -1.6479659931663015e-01 2.9888295956835664e+00
    1.7946536569109756e+02 6.1926956948477226e+01 5.0958891645491292e+02
    8.3507555755211982e-01 -3.7467813444865632e-03
    3.0083972424427912e+00 1.7570365963037571e+02 7.2139599375251777e+01
    4.6878809200219973e+02 9.6590918007294602e-01
    -3.7629674061698933e-02 2.9187602182842127e+00
    1.1561290266311084e+02 7.5750559884272008e+01 4.5372488257795368e+02
    4.5364477250686464e-01 5.1886289853512381e-02 3.0227727082341653e+00
    1.7025804697593986e+02 1.0088148954266566e+02 7.4798510798016048e+02
    -6.7853648561628219e-02 3.3943923900905927e-02
    3.1085738692859652e+00 1.8075843459416649e+02 1.1843353768512871e+02
    9.6561037332092008e+02 8.2082056733599071e-02 6.3480775850238447e-01
    3.0724637231588083e+00 2.3383336006393972e+02 1.4121932392529075e+02
    1.0448901479784672e+03 -2.7784639649804654e-01
    -1.6349908960019885e-01 2.9646133370617571e+00
    1.3633550286693605e+02 1.9087410198874554e+01 1.2162018393137939e+03
    -1.4431713928211051e-03 -1.4189874954699683e-01
    -3.0763131181011123e+00 -5.3440311753986137e+01
    -1.0307338599742461e+02 1.2476883878626500e+03
    8.0104335973328972e-02 1.8544113412182650e-01 3.0516238214554012e+00
    -1.0003602305090345e+02 -1.5180963141079118e+02
    1.2733272365772434e+03</data></Extrinsic_Parameters>
